SIMULATION OUTPUT FILE
CONSTANTS

Number of Transmitters: 6
Number of Receivers: 4
Power Limits per TX: [9, 18, 10, 8, 12, 16] (sum = 73)
Total Power Limit: 65

------------------------
INPUT PARAMETERS GENERATED
------------------------
Covariance Matrix Noise Rn = 
[[3.233+0.j    2.31 +3.628j 1.95 -2.023j 0.12 +0.368j]
 [2.31 -3.628j 9.704-0.j    2.357-3.332j 2.855+1.571j]
 [1.95 +2.023j 2.357+3.332j 5.133-0.j    1.897+1.29j ]
 [0.12 -0.368j 2.855-1.571j 1.897-1.29j  1.99 -0.j   ]]
Channel Matrix  H = 
[[-0.486+0.593j -0.598+0.658j -0.475+0.202j -0.009+0.626j]
 [-0.79 -0.533j  0.166+0.886j  1.174+0.363j  0.525-0.211j]
 [-0.136+0.345j -0.628-0.053j -0.528+0.8j    1.197+1.075j]
 [ 0.036+1.545j -0.45 -0.987j  0.135-1.021j  1.485-0.357j]
 [ 0.085+0.113j  0.436+0.62j   0.212+0.223j -0.249-1.43j ]
 [-0.808-0.217j -0.247+0.585j -0.148+0.163j  0.415+0.539j]]

--------------------
RESULTS
--------------------
Status: optimal_inaccurate
Num iterations: 22
Solve Time: 0.0422647
Solver name: CLARABEL
Optimal value: 22.673901278429597
Num of Constraints: 9


P* = 
[[ 8.992+0.j     1.554-3.138j -0.949+3.714j -2.554-0.092j  3.183+5.382j  3.627-0.853j]
 [ 1.554+3.138j 17.988+0.j    -4.018-8.76j  -2.546+6.161j  2.747+6.876j  8.984-4.633j]
 [-0.949-3.714j -4.018+8.76j   9.988+0.j    -0.465+0.746j -5.015+1.023j  0.558+3.293j]
 [-2.554+0.092j -2.546-6.161j -0.465-0.746j  7.994+0.j    -1.99 -0.153j -5.47 -2.587j]
 [ 3.183-5.382j  2.747-6.876j -5.015-1.023j -1.99 +0.153j 11.988+0.j     1.547-5.231j]
 [ 3.627+0.853j  8.984+4.633j  0.558-3.293j -5.47 +2.587j  1.547+5.231j  7.689+0.j   ]]
Eigenvalues of P* = [-0.     0.021  0.047 10.912 17.063 36.596]
Actual Total Power of the Optimal Solution: (64.63908052436462+0j)
Interference in new user with new solution: (-9.58897598429733e-07-6.234813013095142e-14j)
Interference in new user with previous solution: (1605.32598882976-1.0658141036401503e-13j)

--------------------
Lagrange Multipliers
--------------------
For P >= 0: 
[[  4066.72    +1.565j   1476.751+3099.356j  -1457.115-2014.309j  -3638.553+3373.331j    109.702+1205.473j -10832.573 -507.035j]
 [  1476.751-3097.648j   2897.064   -0.495j  -2063.284 +379.237j   1249.757+3995.986j    958.193 +353.814j  -4316.755+8068.789j]
 [ -1457.115+2012.816j  -2063.284 -378.803j   1519.072   -0.05j    -367.082-3009.429j   -636.098 -377.385j   4130.296-5181.475j]
 [ -3638.553-3375.51j    1249.757-3999.268j   -367.082+3011.829j   6055.453   -0.381j    901.984-1169.963j   9274.849+9441.476j]
 [   109.702-1205.167j    958.193 -354.394j   -636.098 +377.725j    901.984+1168.935j    360.205   -0.13j    -441.246+3196.719j]
 [-10832.573 +498.603j  -4316.755-8073.078j   4130.296+5185.294j   9274.849-9435.267j   -441.246-3197.424j  28917.058  +11.33j ]]
Eigenvalues of Lagrange Multiplier of P >=0: [   -3.668    -0.233    -0.011     1.141     2.531 43815.813]
For total power:
0.0015477932276750815
For the limit power of each TX:
[0.058903668477273574, 0.04132227895573995, 0.040441547777073726, 0.07750853834831617, 0.04007562734268744, 6.3362959882817e-05, 240.87988880939628]
For the zero interference in new user: 
240.87988880939628
