CONSTANTS

Number of Transmitters: 6
Number of Receivers: 4
Power Limits per TX: [9, 18, 10, 8, 12, 16] (sum = 73)
Total Power Limit: 65


INPUT PARAMETERS

Covariance Matrix Noise Rn = 
[[  3.446  -8.033   2.854  16.874]
 [ -8.033  43.791  -5.995 -71.231]
 [  2.854  -5.995  17.407  32.515]
 [ 16.874 -71.231  32.515 148.633]]
Channel Matrix  H = 
[[-0.157-0.774j -0.142+0.12j   0.132+0.524j  0.29 -0.674j]
 [ 0.14 -0.188j  0.084+0.023j -0.474-0.971j  0.267+0.223j]
 [ 0.086+0.598j  0.799-0.608j  0.848+0.248j  0.131-0.928j]
 [-0.265-0.027j -0.452-1.143j  0.299+0.793j  0.055+0.289j]
 [-0.243-0.017j  0.031-0.548j -0.438+0.901j  0.494+1.391j]
 [-0.316-1.314j  0.866+0.874j  0.285+1.151j  0.42 +0.239j]]


RESULTS

Status: optimal_inaccurate
Num iterations: 18
Solver name: CLARABEL
Optimal value: 9.884628169244385
Num of Constraints: 9

--------------------
P* = 
[[ 7.727+0.j     4.276-3.556j  1.876-0.759j -3.124+3.719j -0.403-0.755j  5.249-4.742j]
 [ 4.276+3.556j 14.384+0.j    -4.916-0.732j -6.762-0.853j -2.776+1.388j  3.114-5.638j]
 [ 1.876+0.759j -4.916+0.732j 10.   +0.j    -2.115+0.489j -0.306-9.224j -0.655-0.673j]
 [-3.124-3.719j -6.762+0.853j -2.115-0.489j  6.227+0.j     2.341+3.545j -0.226+2.161j]
 [-0.403+0.755j -2.776-1.388j -0.306+9.224j  2.341-3.545j 11.999+0.j     5.301-2.02j ]
 [ 5.249+4.742j  3.114+5.638j -0.655+0.673j -0.226-2.161j  5.301+2.02j  14.662+0.j   ]]
Eigenvalues of P* = [-0.     0.     0.003 13.346 23.948 27.703]
Actual Total Power of the Optimal Solution: (64.99988358086969+0j)
Interference in new user: (2.7247020426557356e-06+4.440892098500626e-15j)

--------------------
Lagrange Multipliers
For P >= 0: 
[[ 11.097 -2.339j  -3.931 +4.682j  15.116 +6.844j   4.714-28.123j -13.961+34.585j  -4.984 -8.789j]
 [ -3.931 -2.02j    2.343 -0.451j  -2.892 -5.781j  -8.324 +7.358j  12.711 -7.044j  -0.649 +3.887j]
 [ 15.116-10.604j  -2.892 +9.52j   27.025 +0.577j -10.925-45.153j   1.206+60.745j -13.081 -9.98j ]
 [  4.714+19.044j  -8.324 -6.519j -10.925+26.561j  48.947 +6.473j -60.675-22.084j  14.908 -9.138j]
 [-13.961-20.426j  12.711 +4.032j   1.206-36.197j -60.675+13.924j  81.413 -0.65j  -13.585+17.37j ]
 [ -4.984 +8.318j  -0.649 -5.188j -13.081 +5.505j  14.908+19.307j -13.585-28.866j   8.414 +1.986j]]
Eigenvalues of Lagrange Multiplier of P >=0: [ -3.753  -2.874   0.003   1.119  14.102 170.64 ]
For total power:
0.034788760457128746
For the limit power of each TX:
[2.8488352780399245e-06, 1.084511191540993e-06, 0.012302695836105808, 2.1331300370513636e-06, 0.0038180871559424477, 2.8568127595587492e-06, 2.4074244423790447]
For the zero interference in new user: 
2.4074244423790447
